fib(45) = 1134903170 (1e-06 sec.)
fib(45) = 1134903170 (1e-06 sec.)
fib(45) = 1134903170 (6.74098 sec.)
fib(45) = 1134903170 (6.69724 sec.)
