fib(45) = 1134903170 (6.67557 sec.)
fib(45) = 1134903170 (6.70269 sec.)
fib(45) = 1134903170 (6.69858 sec.)
fib(45) = 1134903170 (6.69581 sec.)
