This is a table
Line number 1:  01 02 03 04 05 06 07 08 09 
Line number 2:  02 04 06 08 10 12 14 16 18 
Line number 3:  03 06 09 12 15 18 21 24 27 
Line number 4:  04 08 12 16 20 24 28 32 36 
Line number 5:  05 10 15 20 25 30 35 40 45 
Line number 6:  06 12 18 24 30 36 42 48 54 
Line number 7:  07 14 21 28 35 42 49 56 63 
Line number 8:  08 16 24 32 40 48 56 64 72 
Line number 9:  09 18 27 36 45 54 63 72 81 
